image_width: 1280
image_height: 720
camera_name: elp_left 
camera_matrix:
  rows: 3
  cols: 3
  data: [839.611800, 0.000000, 687.971733, 0.000000, 838.909842, 515.026946, 0.000000, 0.000000, 1.000000]
distortion_model: plumb_bob
distortion_coefficients:
  rows: 1
  cols: 5
  data: [-0.368423, 0.110447, 0.000985, 0.000249, 0.000000]
rectification_matrix:
  rows: 3
  cols: 3
  data: [0.999378, 0.003560, -0.035099, -0.003424, 0.999986, 0.003924, 0.035112, -0.003801, 0.999376]
projection_matrix:
  rows: 3
  cols: 4
  data: [746.735518, 0.000000, 727.019386, 0.000000, 0.000000, 746.735518, 512.514748, 0.000000, 0.000000, 0.000000, 1.000000, 0.000000]
