image_width: 1280
image_height: 720
camera_name: elp_right 
camera_matrix:
  rows: 3
  cols: 3
  data: [844.539385, 0.000000, 688.611136, 0.000000, 843.891321, 509.847686, 0.000000, 0.000000, 1.000000]
distortion_model: plumb_bob
distortion_coefficients:
  rows: 1
  cols: 5
  data: [-0.361349, 0.101721, 0.001885, 0.000485, 0.000000]
rectification_matrix:
  rows: 3
  cols: 3
  data: [0.999321, 0.002060, -0.036790, -0.002202, 0.999990, -0.003823, 0.036781, 0.003901, 0.999316]
projection_matrix:
  rows: 3
  cols: 4
  data: [746.735518, 0.000000, 727.019386, -44.755307, 0.000000, 746.735518, 512.514748, 0.000000, 0.000000, 0.000000, 1.000000, 0.000000]
