%YAML:1.0

#camera
fx: 630.489651
fy: 630.434369
cx: 400.735172
cy: 308.768174
k1: -0.086460
k2: 1.348312
p1: 0.000840
p2: -0.000760
p3: 0
radar: /objects/msg
